-0.0312118
-0.7695219
0.0036501
-0.2062519
0.2384635
0.1029814
-0.2631886
-0.2023593
0.2527245
0.1475394
0.1148034
0.5596833
-0.8313588
0.1083299
-0.2670788
-0.0360269
-0.5733133
0.7474443
0.1071353
0.3721105
-0.0133632
-0.7044923
1.1490204
-0.0127355
0.1999176
0.2840899
-0.3785532
0.2296939
0.2336820
0.0995185
-0.1073282
-0.2116424
-0.0532654
0.1603178
-0.0462547
0.1056692
1.0812264
-1.6234958
0.3616886
-0.4199619
-0.1583543
-0.0729079
-0.1712738
-0.0834582
-0.1173956
-0.2974551
-0.1808855
-0.3342475
0.0617046
-0.0286907
-0.0332538
-0.3459788
0.5190579
-0.1035040
0.0955215
-0.0454065
0.7466055
-0.9106144
0.3959028
0.0417312
0.0424302
-0.4431483
0.7146572
0.0106196
-0.1856021
-0.3172946
-0.7338379
1.4384391
-0.1175238
-0.1121968
0.1537783
-0.3104319
0.1361855
-0.6962156
0.0674013
0.0167817
-0.0961948
0.0408083
-0.1906590
-0.1466237
-0.1957573
-1.1105902
1.2713407
-0.2505362
0.5786498
0.2169109
0.4723387
-0.7705191
0.2344896
-0.1608999
0.1417554
0.6602141
-0.9305038
0.0189115
-0.0163850
-0.1763799
-0.3087197
0.5145938
0.0228885
0.1750608
-0.3163684
-0.6008332
0.4879006
-0.0927747
0.0810630
-0.0305531
0.1126735
-0.2732247
-0.1124235
0.4021390
-0.1664080
0.1257566
-0.1748713
0.1459081
0.1493019
0.4006509
-0.0028319
0.2036614
-0.3188165
0.3257657
0.2654748
-0.1142882
-0.2829657
0.0750216
-0.1570200
