-0.7607741
0.5452214
1.4658356
-0.5730845
-0.2616437
0.1026812
-0.5723148
1.1787369
0.0623307
-0.7740529
-0.3382073
0.5648319
-0.9803857
-1.0547292
-0.2088642
-0.4935289
-1.3841057
0.5296621
0.9937575
-0.7157314
-0.5216381
-0.0434384
0.0491491
0.7887276
0.2278881
-0.0635865
0.3263314
0.1149036
0.3833536
1.0737063
0.3547910
-0.4930541
-1.1676132
-0.0716131
-0.8905974
0.2721382
-0.7943362
0.0368114
0.8363025
0.1859735
-0.1642878
0.7260679
-0.5799744
-0.6901516
0.1300326
0.8847254
-0.2407081
-0.1076884
1.0482874
-0.0178228
